#Layer_Color=32768
#
#Feature symbol names
#
$0 r7.874
$1 r1.9685
$2 r3.937

#
#Feature attribute names
#

#
#Layer features
#
L 0.9751181 3.6608661 0.9751181 4.0191339 2 P 0
L 0.9751181 3.6608661 1.1148819 3.6608661 2 P 0
L 0.9751181 4.0191339 1.1148819 4.0191339 2 P 0
L 0.9886266 2.5216118 0.9886266 2.8483834 1 P 0
L 0.9886266 2.5216118 1.4189338 2.5216118 1 P 0
L 0.9886266 2.8483834 1.4189338 2.8483834 1 P 0
L 1.0074016 2.9199213 1.0074016 3.1100787 0 P 0
L 1.0074016 2.9199213 1.3825984 2.9199213 0 P 0
L 1.0074016 3.1100787 1.3825984 3.1100787 0 P 0
L 1.1148819 3.6608661 1.1148819 4.0191339 2 P 0
L 1.1375591 3.3918504 1.1375591 3.4981496 1 P 0
L 1.1375591 3.3918504 1.4131496 3.3918504 1 P 0
L 1.1375591 3.4981496 1.4131496 3.4981496 1 P 0
L 1.1468504 4.74 1.1468504 5.0667716 1 P 0
L 1.1468504 4.74 1.2492126 4.74 1 P 0
L 1.1468504 5.0667716 1.48937 5.0667716 1 P 0
L 1.195315 2.685 1.234685 2.685 2 P 0
L 1.215 2.665315 1.215 2.704685 2 P 0
L 1.239252 4.0904724 1.239252 4.1495275 1 P 0
L 1.239252 4.0904724 1.2707481 4.0904724 1 P 0
L 1.239252 4.1495275 1.2707481 4.1495275 1 P 0
L 1.2441733 4.12 1.2658268 4.12 2 P 0
L 1.2492126 4.6848818 1.2492126 4.74 1 P 0
L 1.2492126 4.6848818 1.3870078 4.6848818 1 P 0
L 1.2504725 4.619252 1.2504725 4.6507481 1 P 0
L 1.2504725 4.619252 1.3095276 4.619252 1 P 0
L 1.2504725 4.6507481 1.3095276 4.6507481 1 P 0
L 1.255 4.1091732 1.255 4.1308268 2 P 0
L 1.2554725 4.514252 1.2554725 4.5457481 1 P 0
L 1.2554725 4.514252 1.3145276 4.514252 1 P 0
L 1.2554725 4.5457481 1.3145276 4.5457481 1 P 0
L 1.2691732 4.635 1.2908268 4.635 2 P 0
L 1.2707481 4.0904724 1.2707481 4.1495275 1 P 0
L 1.2736615 3.5783464 1.2736615 3.6216535 1 P 0
L 1.2736615 3.5783464 1.3563386 3.5783464 1 P 0
L 1.2736615 3.6216535 1.3563386 3.6216535 1 P 0
L 1.2741732 4.53 1.2958268 4.53 2 P 0
L 1.28 4.6241733 1.28 4.6458268 2 P 0
L 1.285 4.5191733 1.285 4.5408268 2 P 0
L 1.2972835 3.6 1.3327166 3.6 2 P 0
L 1.3095276 4.619252 1.3095276 4.6507481 1 P 0
L 1.3145276 4.514252 1.3145276 4.5457481 1 P 0
L 1.315 3.5822834 1.315 3.6177165 2 P 0
L 1.3535039 4.0429921 1.3535039 4.1570079 2 P 0
L 1.3535039 4.0429921 1.4164961 4.0429921 2 P 0
L 1.3535039 4.1570079 1.4164961 4.1570079 2 P 0
L 1.3563386 3.5783464 1.3563386 3.6216535 1 P 0
L 1.3794882 4.1570079 1.4164961 4.12 2 P 0
L 1.3825984 2.9199213 1.3825984 3.1100787 0 P 0
L 1.3870078 4.6848818 1.3870078 4.74 1 P 0
L 1.3870078 4.74 1.48937 4.74 1 P 0
L 1.4131496 3.3308268 1.4131496 3.3918504 1 P 0
L 1.4131496 3.3308268 1.8068504 3.3308268 1 P 0
L 1.4131496 3.4981496 1.4131496 3.5591732 1 P 0
L 1.4131496 3.5591732 1.8068504 3.5591732 1 P 0
L 1.4164961 4.0429921 1.4164961 4.1570079 2 P 0
L 1.4189338 2.5216118 1.4189338 2.848385 1 P 0
L 1.4336266 2.5216118 1.4336266 2.8483834 1 P 0
L 1.4336266 2.5216118 1.8639338 2.5216118 1 P 0
L 1.4336266 2.8483834 1.8639338 2.8483834 1 P 0
L 1.4854725 4.044252 1.4854725 4.0757481 1 P 0
L 1.4854725 4.044252 1.5445276 4.044252 1 P 0
L 1.4854725 4.0757481 1.5445276 4.0757481 1 P 0
L 1.48937 4.74 1.48937 5.0667716 1 P 0
L 1.4962992 2.8788583 1.4962992 3.1111417 2 P 0
L 1.4962992 2.8788583 1.9884252 2.8788583 2 P 0
L 1.4962992 3.1111417 1.9884252 3.1111417 2 P 0
L 1.5041732 4.06 1.5258268 4.06 2 P 0
L 1.515 4.0491733 1.515 4.0708268 2 P 0
L 1.5162992 4.8785827 1.5162992 5.1388583 1 P 0
L 1.5162992 4.8785827 1.906063 4.8785827 1 P 0
L 1.5162992 5.1388583 1.906063 5.1388583 1 P 0
L 1.5195669 4.8022835 1.5195669 4.8377166 1 P 0
L 1.5195669 4.8022835 1.5904331 4.8022835 1 P 0
L 1.5195669 4.8377166 1.5904331 4.8377166 1 P 0
L 1.5207087 4.740315 1.5207087 4.779685 1 P 0
L 1.5207087 4.740315 1.6092913 4.740315 1 P 0
L 1.5207087 4.779685 1.6092913 4.779685 1 P 0
L 1.5441732 4.82 1.5658268 4.82 2 P 0
L 1.5445276 4.044252 1.5445276 4.0757481 1 P 0
L 1.5445669 4.5972834 1.5445669 4.6327165 1 P 0
L 1.5445669 4.5972834 1.6154331 4.5972834 1 P 0
L 1.5445669 4.6327165 1.6154331 4.6327165 1 P 0
L 1.555 4.8091733 1.555 4.8308268 2 P 0
L 1.5551575 4.76 1.5748425 4.76 2 P 0
L 1.565 4.7501575 1.565 4.7698425 2 P 0
L 1.5691732 4.615 1.5908268 4.615 2 P 0
L 1.58 4.6041732 1.58 4.6258267 2 P 0
L 1.5904331 4.8022835 1.5904331 4.8377166 1 P 0
L 1.595748 4.1257087 1.595748 4.2398819 2 P 0
L 1.595748 4.1257087 1.6469292 4.1257087 2 P 0
L 1.595748 4.163504 1.6335433 4.1257087 2 P 0
L 1.595748 4.2398819 1.6469292 4.2398819 2 P 0
L 1.6092913 4.740315 1.6092913 4.779685 1 P 0
L 1.6154331 4.5972834 1.6154331 4.6327165 1 P 0
L 1.6251575 3.855315 1.6251575 3.894685 2 P 0
L 1.6251575 3.855315 1.6448425 3.855315 2 P 0
L 1.6251575 3.894685 1.6448425 3.894685 2 P 0
L 1.640315 2.685 1.679685 2.685 2 P 0
L 1.6448425 3.855315 1.6448425 3.894685 2 P 0
L 1.6469292 4.1257087 1.6469292 4.2398819 2 P 0
L 1.66 2.665315 1.66 2.704685 2 P 0
L 1.6845669 4.7322835 1.6845669 4.7677166 1 P 0
L 1.6845669 4.7322835 1.7554331 4.7322835 1 P 0
L 1.6845669 4.7677166 1.7554331 4.7677166 1 P 0
L 1.7091732 4.75 1.7308268 4.75 2 P 0
L 1.72 4.7391733 1.72 4.7608268 2 P 0
L 1.7554331 4.7322835 1.7554331 4.7677166 1 P 0
L 1.7866142 3.6716142 1.7866142 3.9166929 2 P 0
L 1.7866142 3.6716142 2.1133858 3.6716142 2 P 0
L 1.7866142 3.9166929 1.8683071 3.9983858 2 P 0
L 1.8068504 3.3308268 1.8068504 3.3918504 1 P 0
L 1.8068504 3.3918504 2.0824409 3.3918504 1 P 0
L 1.8068504 3.4981496 1.8068504 3.5591732 1 P 0
L 1.8068504 3.4981496 2.0824409 3.4981496 1 P 0
L 1.8445669 4.8322834 1.8445669 4.8677165 1 P 0
L 1.8445669 4.8322834 1.9154331 4.8322834 1 P 0
L 1.8445669 4.8677165 1.9154331 4.8677165 1 P 0
L 1.8639338 2.5216118 1.8639338 2.848385 1 P 0
L 1.8683071 3.9983858 2.0316929 3.9983858 2 P 0
L 1.8691732 4.85 1.8908268 4.85 2 P 0
L 1.88 4.8391732 1.88 4.8608267 2 P 0
L 1.906063 4.8785827 1.906063 5.1388583 1 P 0
L 1.9154331 4.8322834 1.9154331 4.8677165 1 P 0
L 1.9884252 2.8788583 1.9884252 3.1111417 2 P 0
L 2.0035039 4.7779921 2.0035039 4.8920079 2 P 0
L 2.0035039 4.7779921 2.0664961 4.7779921 2 P 0
L 2.0035039 4.815 2.0405118 4.7779921 2 P 0
L 2.0035039 4.8920079 2.0664961 4.8920079 2 P 0
L 2.0316929 3.9983858 2.1133858 3.9166929 2 P 0
L 2.0664961 4.7779921 2.0664961 4.8920079 2 P 0
L 2.0824409 3.3918504 2.0824409 3.4981496 1 P 0
L 2.1133858 3.6716142 2.1133858 3.9166929 2 P 0
L 2.1256693 3.2917323 2.1256693 3.5082677 1 P 0
L 2.1256693 3.2917323 2.8343307 3.2917323 1 P 0
L 2.1256693 3.5082677 2.8343307 3.5082677 1 P 0
L 2.134567 3.4822441 2.134567 3.6783071 2 P 0
L 2.134567 3.4822441 2.5448032 3.4822441 2 P 0
L 2.134567 3.6783071 2.5448032 3.6783071 2 P 0
L 2.1422441 2.5978346 2.1422441 3.267126 0 P 0
L 2.1422441 2.5978346 2.7721654 2.5978346 0 P 0
L 2.1422441 3.267126 2.7721654 3.267126 0 P 0
L 2.3654724 3.7992519 2.3654724 3.830748 1 P 0
L 2.3654724 3.7992519 2.4245275 3.7992519 1 P 0
L 2.3654724 3.830748 2.4245275 3.830748 1 P 0
L 2.3841732 3.815 2.4058268 3.815 2 P 0
L 2.395 3.8041732 2.395 3.8258267 2 P 0
L 2.4220079 2.7673622 2.4220079 3.0626378 1 P 0
L 2.4220079 2.7673622 2.5479922 2.7673622 1 P 0
L 2.4220079 3.0626378 2.5479922 3.0626378 1 P 0
L 2.4245275 3.7992519 2.4245275 3.830748 1 P 0
L 2.4469685 4.3809842 2.4469685 5.2077559 1 P 0
L 2.4469685 4.3809842 3.0729527 4.3809842 1 P 0
L 2.4469685 5.2077559 3.0729527 5.2077559 1 P 0
L 2.465315 2.915 2.5046851 2.915 2 P 0
L 2.4849607 3.4822441 2.5448032 3.5420866 2 P 0
L 2.485 2.895315 2.485 2.9346851 2 P 0
L 2.5164173 4.6888189 2.5164173 4.7911811 1 P 0
L 2.5164173 4.6888189 2.6435827 4.6888189 1 P 0
L 2.5164173 4.7911811 2.6435827 4.7911811 1 P 0
L 2.5448032 3.4822441 2.5448032 3.6783071 2 P 0
L 2.5479922 2.7673622 2.5479922 3.0626378 1 P 0
L 2.5568898 3.8525197 2.5568898 4.1874803 1 P 0
L 2.5568898 3.8525197 2.8131102 3.8525197 1 P 0
L 2.5568898 4.1874803 2.8131102 4.1874803 1 P 0
L 2.6435827 4.6888189 2.6435827 4.7911811 1 P 0
L 2.6645669 4.4572835 2.6645669 4.4927166 1 P 0
L 2.6645669 4.4572835 2.7354331 4.4572835 1 P 0
L 2.6645669 4.4927166 2.7354331 4.4927166 1 P 0
L 2.6891732 4.475 2.7108268 4.475 2 P 0
L 2.6907087 4.595315 2.6907087 4.634685 1 P 0
L 2.6907087 4.595315 2.7792913 4.595315 1 P 0
L 2.6907087 4.635 2.7792913 4.635 1 P 0
L 2.7 4.4641733 2.7 4.4858268 2 P 0
L 2.7020079 4.6635039 2.7020079 4.7264961 0 P 0
L 2.7020079 4.6635039 2.8279921 4.6635039 0 P 0
L 2.7020079 4.7264961 2.8279921 4.7264961 0 P 0
L 2.7251575 4.615 2.7448425 4.615 2 P 0
L 2.735 4.6051575 2.735 4.6248425 2 P 0
L 2.7354331 4.4572835 2.7354331 4.4927166 1 P 0
L 2.7721654 2.5978346 2.7721654 3.267126 0 P 0
L 2.7792913 4.595315 2.7792913 4.634685 1 P 0
L 2.8056299 4.5416929 2.8056299 4.6283071 0 P 0
L 2.8056299 4.5416929 2.8843701 4.5416929 0 P 0
L 2.8056299 4.6283071 2.8843701 4.6283071 0 P 0
L 2.8131102 3.8525197 2.8131102 4.1874803 1 P 0
L 2.8279921 4.6635039 2.8279921 4.7264961 0 P 0
L 2.8343307 3.2917323 2.8343307 3.5082677 1 P 0
L 2.8368898 3.8325197 2.8368898 4.1674803 1 P 0
L 2.8368898 3.8325197 3.0931102 3.8325197 1 P 0
L 2.8368898 4.1674803 3.0931102 4.1674803 1 P 0
L 2.8843701 4.5416929 2.8843701 4.6283071 0 P 0
L 2.9042519 3.5704725 2.9042519 3.6295276 1 P 0
L 2.9042519 3.5704725 2.935748 3.5704725 1 P 0
L 2.9042519 3.6295276 2.935748 3.6295276 1 P 0
L 2.9045669 4.6522834 2.9045669 4.6877165 1 P 0
L 2.9045669 4.6522834 2.9754331 4.6522834 1 P 0
L 2.9045669 4.6877165 2.9754331 4.6877165 1 P 0
L 2.9091732 3.6 2.9308267 3.6 2 P 0
L 2.92 3.5891732 2.92 3.6108268 2 P 0
L 2.9291732 4.67 2.9508268 4.67 2 P 0
L 2.935748 3.5704725 2.935748 3.6295276 1 P 0
L 2.94 4.6591732 2.94 4.6808267 2 P 0
L 2.9718898 3.3375197 2.9718898 3.6724803 1 P 0
L 2.9718898 3.3375197 3.2281102 3.3375197 1 P 0
L 2.9718898 3.6724803 3.2281102 3.6724803 1 P 0
L 2.9754331 4.6522834 2.9754331 4.6877165 1 P 0
L 3.0729527 4.3809842 3.0729527 5.2077559 1 P 0
L 3.0931102 3.8325197 3.0931102 4.1674803 1 P 0
L 3.2281102 3.3375197 3.2281102 3.6724803 1 P 0
L 3.3372834 4.8545669 3.3372834 4.9254331 1 P 0
L 3.3372834 4.8545669 3.3727165 4.8545669 1 P 0
L 3.3372834 4.9254331 3.3727165 4.9254331 1 P 0
L 3.3441732 4.89 3.3658267 4.89 2 P 0
L 3.355 4.8791732 3.355 4.9008268 2 P 0
L 3.3727165 4.8545669 3.3727165 4.9254331 1 P 0
