#Layer_Color=32896
#
#Feature symbol names
#
$0 r3.937

#
#Feature attribute names
#

#
#Layer features
#
L 1.0385433 4.4654724 1.0779133 4.4654724 0 P 0
L 1.0582283 4.4457874 1.0582283 4.4851574 0 P 0
L 1.290315 4.425 1.329685 4.425 0 P 0
L 1.31 4.405315 1.31 4.444685 0 P 0
L 1.315315 3.89 1.354685 3.89 0 P 0
L 1.335 3.870315 1.335 3.909685 0 P 0
L 1.435315 3.88 1.474685 3.88 0 P 0
L 1.455 3.860315 1.455 3.899685 0 P 0
L 1.465315 4.46 1.504685 4.46 0 P 0
L 1.485 4.440315 1.485 4.479685 0 P 0
L 1.685315 3.875 1.724685 3.875 0 P 0
L 1.700315 4.415 1.739685 4.415 0 P 0
L 1.705 3.855315 1.705 3.894685 0 P 0
L 1.72 4.395315 1.72 4.434685 0 P 0
L 1.855315 4.135 1.894685 4.135 0 P 0
L 1.875 4.115315 1.875 4.154685 0 P 0
L 1.975315 4.17 2.014685 4.17 0 P 0
L 1.975315 4.29 2.014685 4.29 0 P 0
L 1.975315 4.39 2.014685 4.39 0 P 0
L 1.975315 4.485 2.014685 4.485 0 P 0
L 1.990315 4.7 2.029685 4.7 0 P 0
L 1.995 4.150315 1.995 4.189685 0 P 0
L 1.995 4.270315 1.995 4.309685 0 P 0
L 1.995 4.370315 1.995 4.409685 0 P 0
L 1.995 4.465315 1.995 4.504685 0 P 0
L 2.000315 4.59 2.039685 4.59 0 P 0
L 2.01 4.680315 2.01 4.719685 0 P 0
L 2.02 4.570315 2.02 4.609685 0 P 0
L 2.185315 4.475 2.224685 4.475 0 P 0
L 2.205 4.455315 2.205 4.494685 0 P 0
L 2.310315 3.965 2.349685 3.965 0 P 0
L 2.33 3.945315 2.33 3.984685 0 P 0
L 2.490315 3.815 2.529685 3.815 0 P 0
L 2.51 3.795315 2.51 3.834685 0 P 0
L 2.925315 4.76 2.964685 4.76 0 P 0
L 2.930315 4.935 2.969685 4.935 0 P 0
L 2.945 4.740315 2.945 4.779685 0 P 0
L 2.95 4.915315 2.95 4.954685 0 P 0
