#Layer_Color=32768
#
#Feature symbol names
#
$0 r7.874

#
#Feature attribute names
#

#
#Layer features
#
L 0.9853937 4.288307 0.9853937 4.6426378 0 P 0
L 0.9853937 4.288307 1.1310629 4.288307 0 P 0
L 0.9853937 4.6426378 1.1310629 4.6426378 0 P 0
L 1.1310629 4.288307 1.1310629 4.6426378 0 P 0
L 1.2588189 4.3738189 1.2588189 4.4761811 0 P 0
L 1.2588189 4.3738189 1.3611811 4.3738189 0 P 0
L 1.2588189 4.4761811 1.3611811 4.4761811 0 P 0
L 1.3103937 3.8506299 1.3103937 3.9293701 0 P 0
L 1.3103937 3.8506299 1.3596063 3.8506299 0 P 0
L 1.3103937 3.9293701 1.3596063 3.9293701 0 P 0
L 1.3596063 3.8506299 1.3596063 3.9293701 0 P 0
L 1.3611811 4.3738189 1.3611811 4.4761811 0 P 0
L 1.4451575 3.860315 1.4451575 3.899685 0 P 0
L 1.4451575 3.860315 1.4648425 3.860315 0 P 0
L 1.4451575 3.899685 1.4648425 3.899685 0 P 0
L 1.4535039 4.444252 1.4535039 4.475748 0 P 0
L 1.4535039 4.444252 1.5164961 4.444252 0 P 0
L 1.4535039 4.475748 1.5164961 4.475748 0 P 0
L 1.4648425 3.860315 1.4648425 3.899685 0 P 0
L 1.5164961 4.444252 1.5164961 4.475748 0 P 0
L 1.6885039 4.3579134 1.6885039 4.4720866 0 P 0
L 1.6885039 4.3579134 1.7514961 4.3579134 0 P 0
L 1.6885039 4.4720866 1.7514961 4.4720866 0 P 0
L 1.6951575 3.855315 1.6951575 3.894685 0 P 0
L 1.6951575 3.855315 1.7148425 3.855315 0 P 0
L 1.6951575 3.894685 1.7148425 3.894685 0 P 0
L 1.7148425 3.855315 1.7148425 3.894685 0 P 0
L 1.7514961 4.3579134 1.7514961 4.4720866 0 P 0
L 1.8435039 4.119252 1.8435039 4.150748 0 P 0
L 1.8435039 4.119252 1.9064961 4.119252 0 P 0
L 1.8435039 4.150748 1.9064961 4.150748 0 P 0
L 1.9064961 4.119252 1.9064961 4.150748 0 P 0
L 1.9635039 4.154252 1.9635039 4.185748 0 P 0
L 1.9635039 4.154252 2.0264961 4.154252 0 P 0
L 1.9635039 4.185748 2.0264961 4.185748 0 P 0
L 1.9635039 4.274252 1.9635039 4.305748 0 P 0
L 1.9635039 4.274252 2.0264961 4.274252 0 P 0
L 1.9635039 4.305748 2.0264961 4.305748 0 P 0
L 1.9635039 4.374252 1.9635039 4.405748 0 P 0
L 1.9635039 4.374252 2.0264961 4.374252 0 P 0
L 1.9635039 4.405748 2.0264961 4.405748 0 P 0
L 1.9635039 4.469252 1.9635039 4.500748 0 P 0
L 1.9635039 4.469252 2.0264961 4.469252 0 P 0
L 1.9635039 4.500748 2.0264961 4.500748 0 P 0
L 1.9785039 4.684252 1.9785039 4.715748 0 P 0
L 1.9785039 4.684252 2.0414961 4.684252 0 P 0
L 1.9785039 4.715748 2.0414961 4.715748 0 P 0
L 1.9885039 4.574252 1.9885039 4.605748 0 P 0
L 1.9885039 4.574252 2.0514961 4.574252 0 P 0
L 1.9885039 4.605748 2.0514961 4.605748 0 P 0
L 2.0264961 4.154252 2.0264961 4.185748 0 P 0
L 2.0264961 4.274252 2.0264961 4.305748 0 P 0
L 2.0264961 4.374252 2.0264961 4.405748 0 P 0
L 2.0264961 4.469252 2.0264961 4.500748 0 P 0
L 2.0414961 4.684252 2.0414961 4.715748 0 P 0
L 2.0514961 4.574252 2.0514961 4.605748 0 P 0
L 2.1735039 4.459252 2.1735039 4.490748 0 P 0
L 2.1735039 4.459252 2.2364961 4.459252 0 P 0
L 2.1735039 4.490748 2.2364961 4.490748 0 P 0
L 2.2364961 4.459252 2.2364961 4.490748 0 P 0
L 2.310315 3.9551575 2.310315 3.9748425 0 P 0
L 2.310315 3.9551575 2.349685 3.9551575 0 P 0
L 2.310315 3.9748425 2.349685 3.9748425 0 P 0
L 2.349685 3.9551575 2.349685 3.9748425 0 P 0
L 2.490315 3.8051575 2.490315 3.8248425 0 P 0
L 2.490315 3.8051575 2.529685 3.8051575 0 P 0
L 2.490315 3.8248425 2.529685 3.8248425 0 P 0
L 2.529685 3.8051575 2.529685 3.8248425 0 P 0
L 2.9135039 4.744252 2.9135039 4.775748 0 P 0
L 2.9135039 4.744252 2.9764961 4.744252 0 P 0
L 2.9135039 4.775748 2.9764961 4.775748 0 P 0
L 2.9185039 4.919252 2.9185039 4.950748 0 P 0
L 2.9185039 4.919252 2.9814961 4.919252 0 P 0
L 2.9185039 4.950748 2.9814961 4.950748 0 P 0
L 2.9764961 4.744252 2.9764961 4.775748 0 P 0
L 2.9814961 4.919252 2.9814961 4.950748 0 P 0
