#Layer_Color=16711935
#
#Feature symbol names
#
$0 r7.874
$1 r3.937
$2 r11.811
$3 r5
$4 r1.9685

#
#Feature attribute names
#

#
#Layer features
#
A 1.2374015 4.7104724 1.2374015 4.7104724 1.2334645 4.7104724 2 P 0 N
A 1.5475197 3.713937 1.5475197 3.713937 1.5278347 3.713937 1 P 0 N
A 1.66 4.8638189 1.66 4.8638189 1.656063 4.8638189 2 P 0 N
A 2.4312204 4.9292126 2.4312204 4.9292126 2.4272834 4.9292126 0 P 0 N
A 2.6003543 4.2070079 2.6003543 4.2070079 2.5964173 4.2070079 0 P 0 N
A 2.6605118 4.7695276 2.6605118 4.7695276 2.6565748 4.7695276 0 P 0 N
A 2.8803543 4.1870079 2.8803543 4.1870079 2.8764173 4.1870079 0 P 0 N
A 3.0153543 3.6920079 3.0153543 3.6920079 3.0114173 3.6920079 0 P 0 N
L 0.9925552 2.5762128 1.0029072 2.5762128 1 P 0
L 0.9925584 2.5481104 0.9925584 2.5762096 1 P 0
L 0.9925584 2.5481104 1.002904 2.5481104 1 P 0
L 0.9925584 2.5762096 0.9925616 2.5762128 1 P 0
L 1.0029134 2.5481102 1.0099312 2.5540112 1 P 0
L 1.0029134 2.5762205 1.0099312 2.5703088 1 P 0
L 1.0099312 2.5540112 1.0149968 2.5540112 1 P 0
L 1.0099312 2.5703088 1.0149968 2.5703088 1 P 0
L 1.0149968 2.5255472 1.0149968 2.8444432 1 P 0
L 1.0149968 2.5255472 1.4149968 2.5255472 1 P 0
L 1.0149968 2.8444432 1.4149968 2.8444432 1 P 0
L 1.1625984 4.7498425 1.1625984 5.0490551 3 P 0
L 1.1625984 4.7498425 1.473622 4.7498425 3 P 0
L 1.1625984 5.0490551 1.473622 5.0490551 3 P 0
L 1.2441733 4.0993307 1.2441733 4.1406693 1 P 0
L 1.2441733 4.0993307 1.2658268 4.0993307 1 P 0
L 1.2441733 4.1406693 1.2658268 4.1406693 1 P 0
L 1.2593307 4.6241733 1.2593307 4.6458268 1 P 0
L 1.2593307 4.6241733 1.3006693 4.6241733 1 P 0
L 1.2593307 4.6458268 1.3006693 4.6458268 1 P 0
L 1.2643307 4.5191733 1.2643307 4.5408268 1 P 0
L 1.2643307 4.5191733 1.3056693 4.5191733 1 P 0
L 1.2643307 4.5408268 1.3056693 4.5408268 1 P 0
L 1.2658268 4.0993307 1.2658268 4.1406693 1 P 0
L 1.2815355 3.5822834 1.2815355 3.6177165 1 P 0
L 1.2815355 3.5822834 1.3484646 3.5822834 1 P 0
L 1.2815355 3.6177165 1.3484646 3.6177165 1 P 0
L 1.3006693 4.6241733 1.3006693 4.6458268 1 P 0
L 1.3056693 4.5191733 1.3056693 4.5408268 1 P 0
L 1.3484646 3.5822834 1.3484646 3.6177165 1 P 0
L 1.4149968 2.5255472 1.4149968 2.8444432 1 P 0
L 1.4375552 2.5762128 1.4479072 2.5762128 1 P 0
L 1.4375584 2.5481104 1.4375584 2.5762096 1 P 0
L 1.4375584 2.5481104 1.447904 2.5481104 1 P 0
L 1.4375584 2.5762096 1.4375616 2.5762128 1 P 0
L 1.4479134 2.5481102 1.4549312 2.5540112 1 P 0
L 1.4479134 2.5762205 1.4549312 2.5703088 1 P 0
L 1.4549312 2.5540112 1.4599968 2.5540112 1 P 0
L 1.4549312 2.5703088 1.4599968 2.5703088 1 P 0
L 1.4599968 2.5255472 1.4599968 2.8444432 1 P 0
L 1.4599968 2.5255472 1.8599968 2.5255472 1 P 0
L 1.4599968 2.8444432 1.8599968 2.8444432 1 P 0
L 1.473622 4.7498425 1.473622 5.0490551 3 P 0
L 1.4796063 3.6135433 1.4796063 3.8064567 4 P 0
L 1.4796063 3.6135433 1.6803937 3.6135433 4 P 0
L 1.4796063 3.8064567 1.6803937 3.8064567 4 P 0
L 1.4904331 3.6509449 1.4904331 3.7513386 1 P 0
L 1.4904331 3.6509449 1.6695669 3.6509449 1 P 0
L 1.4904331 3.7513386 1.6695669 3.7513386 1 P 0
L 1.4943307 4.0491733 1.4943307 4.0708268 1 P 0
L 1.4943307 4.0491733 1.5356693 4.0491733 1 P 0
L 1.4943307 4.0708268 1.5356693 4.0708268 1 P 0
L 1.5335039 4.744252 1.5335039 4.775748 1 P 0
L 1.5335039 4.744252 1.5964961 4.744252 1 P 0
L 1.5335039 4.775748 1.5964961 4.775748 1 P 0
L 1.5343307 4.8091733 1.5343307 4.8308268 1 P 0
L 1.5343307 4.8091733 1.5756693 4.8091733 1 P 0
L 1.5343307 4.8308268 1.5756693 4.8308268 1 P 0
L 1.5356693 4.0491733 1.5356693 4.0708268 1 P 0
L 1.5593307 4.6041732 1.5593307 4.6258267 1 P 0
L 1.5593307 4.6041732 1.6006693 4.6041732 1 P 0
L 1.5593307 4.6258267 1.6006693 4.6258267 1 P 0
L 1.560315 3.7011417 1.5996851 3.7011417 1 P 0
L 1.5635433 4.9061417 1.5635433 5.0774016 3 P 0
L 1.5635433 4.9061417 1.8588189 4.9061417 3 P 0
L 1.5635433 5.0774016 1.5635433 5.1290157 3 P 0
L 1.5635433 5.0774016 1.8588189 5.0774016 3 P 0
L 1.5635433 5.1290157 1.8588189 5.1290157 3 P 0
L 1.5756693 4.8091733 1.5756693 4.8308268 1 P 0
L 1.58 3.6814567 1.58 3.7208267 1 P 0
L 1.5964961 4.744252 1.5964961 4.775748 1 P 0
L 1.6006693 4.6041732 1.6006693 4.6258267 1 P 0
L 1.6695669 3.6509449 1.6695669 3.7513386 1 P 0
L 1.6803937 3.6135433 1.6803937 3.8064567 4 P 0
L 1.6993307 4.7391733 1.6993307 4.7608268 1 P 0
L 1.6993307 4.7391733 1.7406693 4.7391733 1 P 0
L 1.6993307 4.7608268 1.7406693 4.7608268 1 P 0
L 1.7406693 4.7391733 1.7406693 4.7608268 1 P 0
L 1.8588189 4.9061417 1.8588189 5.0774016 3 P 0
L 1.8588189 5.0774016 1.8588189 5.1290157 3 P 0
L 1.8588189 5.0774016 1.9926772 5.0774016 3 P 0
L 1.8593307 4.8391732 1.8593307 4.8608267 1 P 0
L 1.8593307 4.8391732 1.9006693 4.8391732 1 P 0
L 1.8593307 4.8608267 1.9006693 4.8608267 1 P 0
L 1.8599968 2.5255472 1.8599968 2.8444432 1 P 0
L 1.9006693 4.8391732 1.9006693 4.8608267 1 P 0
L 2.1355118 3.3015748 2.1355118 3.4984252 3 P 0
L 2.1355118 3.3015748 2.8244882 3.3015748 3 P 0
L 2.1355118 3.4984252 2.8244882 3.4984252 3 P 0
L 2.3743307 3.8041732 2.3743307 3.8258267 1 P 0
L 2.3743307 3.8041732 2.4156693 3.8041732 1 P 0
L 2.3743307 3.8258267 2.4156693 3.8258267 1 P 0
L 2.4156693 3.8041732 2.4156693 3.8258267 1 P 0
L 2.4338189 2.7909843 2.4338189 3.0390158 1 P 0
L 2.4338189 2.7909843 2.5361811 2.7909843 1 P 0
L 2.4338189 3.0390158 2.5361811 3.0390158 1 P 0
L 2.456811 4.3908267 2.456811 4.9990945 3 P 0
L 2.456811 4.3908267 3.0631102 4.3908267 3 P 0
L 2.456811 4.9990945 2.456811 5.1979134 3 P 0
L 2.456811 4.9990945 3.0631102 4.9990945 3 P 0
L 2.456811 5.1979134 3.0631102 5.1979134 3 P 0
L 2.5361811 2.7909843 2.5361811 3.0390158 1 P 0
L 2.5386614 4.6986614 2.5386614 4.7813386 3 P 0
L 2.5386614 4.6986614 2.6213386 4.6986614 3 P 0
L 2.5386614 4.7813386 2.6213386 4.7813386 3 P 0
L 2.5668898 3.9018898 2.5668898 4.1381102 3 P 0
L 2.5668898 3.9018898 2.8031102 3.9018898 3 P 0
L 2.5668898 4.1381102 2.8031102 4.1381102 3 P 0
L 2.6213386 4.6986614 2.6213386 4.7813386 3 P 0
L 2.6793307 4.4641733 2.6793307 4.4858268 1 P 0
L 2.6793307 4.4641733 2.7206693 4.4641733 1 P 0
L 2.6793307 4.4858268 2.7206693 4.4858268 1 P 0
L 2.7035039 4.599252 2.7035039 4.630748 1 P 0
L 2.7035039 4.599252 2.7664961 4.599252 1 P 0
L 2.7035039 4.630748 2.7664961 4.630748 1 P 0
L 2.7206693 4.4641733 2.7206693 4.4858268 1 P 0
L 2.7664961 4.599252 2.7664961 4.630748 1 P 0
L 2.8031102 3.9018898 2.8031102 4.1381102 3 P 0
L 2.8244882 3.3015748 2.8244882 3.4984252 3 P 0
L 2.8468898 3.8818898 2.8468898 4.1181102 3 P 0
L 2.8468898 3.8818898 3.0831102 3.8818898 3 P 0
L 2.8468898 4.1181102 3.0831102 4.1181102 3 P 0
L 2.9091732 3.5793307 2.9091732 3.6206693 1 P 0
L 2.9091732 3.5793307 2.9308267 3.5793307 1 P 0
L 2.9091732 3.6206693 2.9308267 3.6206693 1 P 0
L 2.9193307 4.6591732 2.9193307 4.6808267 1 P 0
L 2.9193307 4.6591732 2.9606693 4.6591732 1 P 0
L 2.9193307 4.6808267 2.9606693 4.6808267 1 P 0
L 2.9308267 3.5793307 2.9308267 3.6206693 1 P 0
L 2.9606693 4.6591732 2.9606693 4.6808267 1 P 0
L 2.9818898 3.3868898 2.9818898 3.6231102 3 P 0
L 2.9818898 3.3868898 3.2181102 3.3868898 3 P 0
L 2.9818898 3.6231102 3.2181102 3.6231102 3 P 0
L 3.0631102 4.3908267 3.0631102 4.9990945 3 P 0
L 3.0631102 4.9990945 3.0631102 5.1979134 3 P 0
L 3.0831102 3.8818898 3.0831102 4.1181102 3 P 0
L 3.2181102 3.3868898 3.2181102 3.6231102 3 P 0
L 3.3441732 4.8693307 3.3441732 4.9106693 1 P 0
L 3.3441732 4.8693307 3.3658267 4.8693307 1 P 0
L 3.3441732 4.9106693 3.3658267 4.9106693 1 P 0
L 3.3658267 4.8693307 3.3658267 4.9106693 1 P 0
