#Layer_Color=32896
#
#Feature symbol names
#
$0 r1.9685
$1 r3.937

#
#Feature attribute names
#

#
#Layer features
#
L 0.935748 3.6214961 0.935748 4.0585039 1 P 0
L 0.935748 3.6214961 1.2615354 3.6214961 1 P 0
L 0.935748 4.0585039 1.2615354 4.0585039 1 P 0
L 0.9680315 2.8535827 0.9680315 3.1494488 1 P 0
L 0.9680315 2.8535827 1.4219685 2.8535827 1 P 0
L 0.9680315 3.1494488 1.4219685 3.1494488 1 P 0
L 1.2615354 3.6214961 1.2615354 4.0585039 1 P 0
L 1.3013386 4.0291339 1.3013386 4.1708661 0 P 0
L 1.3013386 4.0291339 1.4686614 4.0291339 0 P 0
L 1.3013386 4.1708661 1.4686614 4.1708661 0 P 0
L 1.4219685 2.8535827 1.4219685 3.1494488 1 P 0
L 1.4569291 2.8394882 1.4569291 3.1505118 1 P 0
L 1.4569291 2.8394882 2.0277953 2.8394882 1 P 0
L 1.4569291 3.1505118 2.0277953 3.1505118 1 P 0
L 1.4686614 4.0291339 1.4686614 4.1708661 0 P 0
L 1.5465355 4.1138977 1.5465355 4.2516929 0 P 0
L 1.5465355 4.1138977 1.6961417 4.1138977 0 P 0
L 1.5465355 4.2516929 1.6961417 4.2516929 0 P 0
L 1.6149213 3.8374016 1.6149213 3.9125984 0 P 0
L 1.6149213 3.8374016 1.6550787 3.8374016 0 P 0
L 1.6149213 3.9125984 1.6550787 3.9125984 0 P 0
L 1.6550787 3.8374016 1.6550787 3.9125984 0 P 0
L 1.6961417 4.1138977 1.6961417 4.2516929 0 P 0
L 1.7629921 3.604685 1.7629921 4.065315 0 P 0
L 1.7629921 3.604685 2.1370079 3.604685 0 P 0
L 1.7629921 4.065315 2.1370079 4.065315 0 P 0
L 1.9513386 4.7641339 1.9513386 4.9058661 0 P 0
L 1.9513386 4.7641339 2.1186614 4.7641339 0 P 0
L 1.9513386 4.9058661 2.1186614 4.9058661 0 P 0
L 2.0277953 2.8394882 2.0277953 3.1505118 1 P 0
L 2.102874 2.5584646 2.102874 3.3064961 1 P 0
L 2.102874 2.5584646 2.8312205 2.5584646 1 P 0
L 2.102874 3.3064961 2.8312205 3.3064961 1 P 0
L 2.1186614 4.7641339 2.1186614 4.9058661 0 P 0
L 2.1247244 3.4724016 2.1247244 3.6881496 0 P 0
L 2.1247244 3.4724016 2.5546457 3.4724016 0 P 0
L 2.1247244 3.6881496 2.5546457 3.6881496 0 P 0
L 2.1370079 3.604685 2.1370079 4.065315 0 P 0
L 2.5546457 3.4724016 2.5546457 3.6881496 0 P 0
L 2.6464961 4.6241339 2.6464961 4.7658661 0 P 0
L 2.6464961 4.6241339 2.8835039 4.6241339 0 P 0
L 2.6464961 4.7658661 2.8835039 4.7658661 0 P 0
L 2.7662598 4.4958268 2.7662598 4.6741732 1 P 0
L 2.7662598 4.4958268 2.9237402 4.4958268 1 P 0
L 2.7662598 4.6741732 2.9237402 4.6741732 1 P 0
L 2.8312205 2.5584646 2.8312205 3.3064961 1 P 0
L 2.8835039 4.6241339 2.8835039 4.7658661 0 P 0
L 2.9237402 4.4958268 2.9237402 4.6741732 1 P 0
