#Layer_Color=16711935
#
#Feature symbol names
#
$0 r7.874

#
#Feature attribute names
#

#
#Layer features
#
L 0.9814566 4.2627165 0.9814566 4.6682283 0 P 0
L 0.9814566 4.2627165 1.2098031 4.2627165 0 P 0
L 0.9814566 4.6682283 1.2098031 4.6682283 0 P 0
L 1.2098031 4.2627165 1.2098031 4.6682283 0 P 0
L 1.2391339 4.3541339 1.2391339 4.4958661 0 P 0
L 1.2391339 4.3541339 1.3808661 4.3541339 0 P 0
L 1.2391339 4.4958661 1.3808661 4.4958661 0 P 0
L 1.2846811 3.8052323 1.2846811 3.9747677 0 P 0
L 1.2846811 3.8052323 1.3853189 3.8052323 0 P 0
L 1.2846811 3.9747677 1.3853189 3.9747677 0 P 0
L 1.3808661 4.3541339 1.3808661 4.4958661 0 P 0
L 1.3853189 3.8052323 1.3853189 3.9747677 0 P 0
L 1.4338883 3.8392033 1.4338883 3.9207967 0 P 0
L 1.4338883 3.8392033 1.4761117 3.8392033 0 P 0
L 1.4338883 3.9207967 1.4761117 3.9207967 0 P 0
L 1.4414541 4.4383465 1.4414541 4.4816535 0 P 0
L 1.4414541 4.4383465 1.5285459 4.4383465 0 P 0
L 1.4414541 4.4816535 1.5285459 4.4816535 0 P 0
L 1.4761117 3.8392033 1.4761117 3.9207967 0 P 0
L 1.5285459 4.4383465 1.5285459 4.4816535 0 P 0
L 1.6398679 4.3480709 1.6398679 4.4819291 0 P 0
L 1.6398679 4.3480709 1.8001321 4.3480709 0 P 0
L 1.6398679 4.4819291 1.8001321 4.4819291 0 P 0
L 1.6838883 3.8342033 1.6838883 3.9157967 0 P 0
L 1.6838883 3.8342033 1.7261117 3.8342033 0 P 0
L 1.6838883 3.9157967 1.7261117 3.9157967 0 P 0
L 1.7261117 3.8342033 1.7261117 3.9157967 0 P 0
L 1.8001321 4.3480709 1.8001321 4.4819291 0 P 0
L 1.8314541 4.1133465 1.8314541 4.1566535 0 P 0
L 1.8314541 4.1133465 1.9185459 4.1133465 0 P 0
L 1.8314541 4.1566535 1.9185459 4.1566535 0 P 0
L 1.9185459 4.1133465 1.9185459 4.1566535 0 P 0
L 1.9514541 4.1483465 1.9514541 4.1916535 0 P 0
L 1.9514541 4.1483465 2.0385459 4.1483465 0 P 0
L 1.9514541 4.1916535 2.0385459 4.1916535 0 P 0
L 1.9514541 4.2683465 1.9514541 4.3116535 0 P 0
L 1.9514541 4.2683465 2.0385459 4.2683465 0 P 0
L 1.9514541 4.3116535 2.0385459 4.3116535 0 P 0
L 1.9514541 4.3683465 1.9514541 4.4116535 0 P 0
L 1.9514541 4.3683465 2.0385459 4.3683465 0 P 0
L 1.9514541 4.4116535 2.0385459 4.4116535 0 P 0
L 1.9514541 4.4633465 1.9514541 4.5066535 0 P 0
L 1.9514541 4.4633465 2.0385459 4.4633465 0 P 0
L 1.9514541 4.5066535 2.0385459 4.5066535 0 P 0
L 1.9664541 4.6783465 1.9664541 4.7216535 0 P 0
L 1.9664541 4.6783465 2.0535459 4.6783465 0 P 0
L 1.9664541 4.7216535 2.0535459 4.7216535 0 P 0
L 1.9764541 4.5683465 1.9764541 4.6116535 0 P 0
L 1.9764541 4.5683465 2.0635459 4.5683465 0 P 0
L 1.9764541 4.6116535 2.0635459 4.6116535 0 P 0
L 2.0385459 4.1483465 2.0385459 4.1916535 0 P 0
L 2.0385459 4.2683465 2.0385459 4.3116535 0 P 0
L 2.0385459 4.3683465 2.0385459 4.4116535 0 P 0
L 2.0385459 4.4633465 2.0385459 4.5066535 0 P 0
L 2.0535459 4.6783465 2.0535459 4.7216535 0 P 0
L 2.0635459 4.5683465 2.0635459 4.6116535 0 P 0
L 2.129958 4.4353911 2.129958 4.5146089 0 P 0
L 2.129958 4.4353911 2.280042 4.4353911 0 P 0
L 2.129958 4.5146089 2.280042 4.5146089 0 P 0
L 2.280042 4.4353911 2.280042 4.5146089 0 P 0
L 2.2892033 3.9438883 2.2892033 3.9861117 0 P 0
L 2.2892033 3.9438883 2.3707967 3.9438883 0 P 0
L 2.2892033 3.9861117 2.3707967 3.9861117 0 P 0
L 2.3707967 3.9438883 2.3707967 3.9861117 0 P 0
L 2.4692033 3.7938883 2.4692033 3.8361117 0 P 0
L 2.4692033 3.7938883 2.5507967 3.7938883 0 P 0
L 2.4692033 3.8361117 2.5507967 3.8361117 0 P 0
L 2.5507967 3.7938883 2.5507967 3.8361117 0 P 0
L 2.869958 4.7203911 2.869958 4.7996089 0 P 0
L 2.869958 4.7203911 3.020042 4.7203911 0 P 0
L 2.869958 4.7996089 3.020042 4.7996089 0 P 0
L 2.874958 4.8953911 2.874958 4.9746089 0 P 0
L 2.874958 4.8953911 3.025042 4.8953911 0 P 0
L 2.874958 4.9746089 3.025042 4.9746089 0 P 0
L 3.020042 4.7203911 3.020042 4.7996089 0 P 0
L 3.025042 4.8953911 3.025042 4.9746089 0 P 0
